[camera.jpg]
moddate=ab94a7cceef1d301
width=6014
height=4015
text=1;141;18;Capturing&#010; Moments;Andalus;0.416804,0.194416,0.200000,0.000000;v1,4294967295,4294967295,128.000000,1.000000,0.000000,1.000000,700,0,49152;;
textactive=1
